{"poses": [[[0.9987604232977986, 0.03682534827463019, -0.03348896203907257, 91.49314342343509], [-0.03648727651222182, 0.9992773569479678, 0.010650940982112592, -1.064558134092518], [0.033856986084454095, -0.009415817305787702, 0.9993823326824129, 1.2997324800586618], [0.0, 0.0, 0.0, 1.0]], [[0.9986944200356808, 0.03735326063835672, -0.034845219317408645, 92.42509412015227], [-0.03701654312564872, 0.9992619914747652, 0.010259041325252627, -1.098796589125085], [0.03520271189301056, -0.008955797762859707, 0.9993400636228933, 1.3318609675716873], [0.0, 0.0, 0.0, 1.0]], [[0.9986331536246824, 0.0379228293706108, -0.03596781191772645, 93.55221580991922], [-0.03759138348058401, 0.9992446746764276, 0.009847234069323564, -1.1408666537932326], [0.03631407949593493, -0.008481694602372232, 0.9993044323363302, 1.3722131908147208], [0.0, 0.0, 0.0, 1.0]], [[0.9986098944682039, 0.03827192489146467, -0.03624277080059979, 94.25903143792463], [-0.037946509101866636, 0.9992334196727455, 0.009624731481599667, -1.1675619862191697], [0.03658334480586316, -0.008236065457063218, 0.9992966657147427, 1.3980027884907869], [0.0, 0.0, 0.0, 1.0]], [[0.9985815898595605, 0.038978435412815884, -0.036269683846450136, 95.6097789201165], [-0.038660692586307915, 0.9992079812473744, 0.009421308841855196, -1.2193151204193629], [0.036608185454888385, -0.00800573446446751, 0.9992976278233552, 1.4475956048731828], [0.0, 0.0, 0.0, 1.0]], [[0.9985744905974929, 0.03921981003661657, -0.036204878520018115, 96.09231714364188], [-0.038907200638239804, 0.999199556356803, 0.009299264210883753, -1.2380353130751027], [0.03654061393098521, -0.007877377549653296, 0.9993011210123237, 1.4652766182166816], [0.0, 0.0, 0.0, 1.0]], [[0.9985595803644453, 0.040126353251094274, -0.03561797632026993, 97.66606124546765], [-0.03983185278045617, 0.9991664022316451, 0.008940031070772925, -1.3000065030394208], [0.03594701609951763, -0.007508423685349349, 0.9993254903219982, 1.5224867390772705], [0.0, 0.0, 0.0, 1.0]], [[0.9985566355019426, 0.04026743661612473, -0.03554123300346764, 97.92502780957362], [-0.03997512676896039, 0.999161060343469, 0.008897456553435783, -1.3103435802647394], [0.03586969382146923, -0.007463848985684768, 0.9993286026245186, 1.5318054180602008], [0.0, 0.0, 0.0, 1.0]], [[0.9985358880529881, 0.04112918056532221, -0.035135036306449305, 99.72112888314317], [-0.040846204759175914, 0.9991272678268219, 0.008734428526324252, -1.3829636918625625], [0.03546361271785298, -0.007286507457974232, 0.9993444045883596, 1.5959604017331497], [0.0, 0.0, 0.0, 1.0]], [[0.9985353517397909, 0.041142355770735446, -0.03513485288892345, 99.75693596868349], [-0.040859946023573034, 0.9991268430364211, 0.008718734714707946, -1.3844282922349123], [0.03546288393296234, -0.007270356642489233, 0.9993445480801145, 1.5972321188578986], [0.0, 0.0, 0.0, 1.0]], [[0.9984933343504928, 0.04172815153089724, -0.03563457067861717, 101.58832217538894], [-0.041462349564044466, 0.9991066950932965, 0.008166112194896675, -1.4598735089057062], [0.03594349490886864, -0.006676315568121128, 0.9993315225610423, 1.6626127396827137], [0.0, 0.0, 0.0, 1.0]], [[0.9984884929931136, 0.0417745789236052, -0.03571573765297753, 101.77570589433275], [-0.04150929046557238, 0.9991049784881643, 0.008137614220986873, -1.4676546988668127], [0.036023716706991504, -0.006642779231642887, 0.9993288574431812, 1.6693582787341505], [0.0, 0.0, 0.0, 1.0]], [[0.998446910741587, 0.042150338643832684, -0.03642959487548222, 103.4193551436082], [-0.04189042414187993, 0.999091221739451, 0.007869117382815415, -1.5362807992121998], [0.036728174414132515, -0.006330844760484167, 0.9993052394583067, 1.7291733384369963], [0.0, 0.0, 0.0, 1.0]], [[0.9984345348568978, 0.04224473846505833, -0.03665871897801191, 103.82916574933569], [-0.04198755807493257, 0.9990880163922057, 0.007757607130541904, -1.553487618914341], [0.03695300491156563, -0.0062062527749432534, 0.9992977323373147, 1.7442737485484716], [0.0, 0.0, 0.0, 1.0]], [[0.9983931997173388, 0.04251538181396108, -0.03746279577643892, 105.24966083136877], [-0.04224689170813543, 0.9990757311592595, 0.007929914854028405, -1.613389851298897], [0.03776531343938695, -0.006334486388348265, 0.9992665587234573, 1.797377072238633], [0.0, 0.0, 0.0, 1.0]], [[0.9983774067306894, 0.04266652794160689, -0.037711021241959714, 105.88109850478808], [-0.042396903060225886, 0.9990694461047696, 0.007921140751864376, -1.6401349401354812], [0.03801389667746871, -0.006309457450297655, 0.9992572913950029, 1.8213279799591497], [0.0, 0.0, 0.0, 1.0]], [[0.9983461219120542, 0.04300342960429998, -0.03815397627285818, 107.07878452452024], [-0.0427262136561765, 0.9990543711285994, 0.008051968420544363, -1.6911633994472874], [0.03846415902848476, -0.006408476504341965, 0.999239430716745, 1.8672066728464616], [0.0, 0.0, 0.0, 1.0]], [[0.9983287951872073, 0.043289740783823874, -0.03828335203359723, 107.93205847412267], [-0.04300148443736718, 0.9990403514195597, 0.00832157266780712, -1.727760779451897], [0.03860685219286682, -0.006661424648831695, 0.9992322734907065, 1.9001448727131476], [0.0, 0.0, 0.0, 1.0]], [[0.9983033314951335, 0.04368653068598293, -0.03849604346345472, 108.90703915648768], [-0.04338391807010759, 0.9990209244002877, 0.008661885665430039, -1.769897974286272], [0.038836760660535465, -0.006977080121186929, 0.999221209930203, 1.9379613844367174], [0.0, 0.0, 0.0, 1.0]], [[0.9982754226960594, 0.04416677548600268, -0.03867138973676801, 109.98220918374382], [-0.04384596246154087, 0.9989968078377585, 0.009105465709668564, -1.8168203432987449], [0.039034753961375526, -0.007394178327429912, 0.9992104953962588, 1.9798774899836131], [0.0, 0.0, 0.0, 1.0]], [[0.9982531294686252, 0.0445715207765472, -0.038782328988367636, 110.73461996902455], [-0.04424001474845451, 0.998977036658627, 0.009364898494095874, -1.8499817925225255], [0.03916006385531932, -0.007632808422462422, 0.9992037978482835, 2.0093340436685434], [0.0, 0.0, 0.0, 1.0]], [[0.9982154362686491, 0.04536082039851541, -0.03883733728983265, 112.03198078768493], [-0.04499328951369275, 0.9989343322049593, 0.01028609940497234, -1.9079004824281736], [0.03926253549794797, -0.008520323644414782, 0.9991926027504742, 2.060273004587803], [0.0, 0.0, 0.0, 1.0]], [[0.9981940511334618, 0.04576412356613244, -0.0389137671781033, 112.5617913542215], [-0.04538976739764871, 0.9989146914356124, 0.010450275100806894, -1.9318497850376757], [0.03934978141432573, -0.008665115597553215, 0.99918792550467, 2.081132756367525], [0.0, 0.0, 0.0, 1.0]], [[0.9981048729023569, 0.04699489965341531, -0.03972583661970361, 114.08050348054462], [-0.04658070476534853, 0.9988507387042318, 0.011288920833004834, -2.0016672219153806], [0.04021070295497699, -0.009417069426092172, 0.9991468451490455, 2.141475322967132], [0.0, 0.0, 0.0, 1.0]], [[0.9980811886405274, 0.04727606589955637, -0.03998642863488481, 114.38784376430787], [-0.0468550746989876, 0.9988366293388385, 0.011401309836150435, -2.0160288472254995], [0.040478918672121465, -0.009505865772690698, 0.9991351738674039, 2.1538753219977083], [0.0, 0.0, 0.0, 1.0]], [[0.9979382103235548, 0.04895704378243514, -0.04150344853509421, 116.12871367940163], [-0.04849395230150042, 0.998750269534443, 0.012092795171395844, -2.0990135992482006], [0.042043607913692264, -0.010055196117543456, 0.9990651770853779, 2.2256877406487923], [0.0, 0.0, 0.0, 1.0]], [[0.9979314389387062, 0.04904096033569151, -0.04156714311901211, 116.21266666114096], [-0.04857606554472091, 0.9987459253057747, 0.012121985864823506, -2.1030916054463855], [0.04210948864470193, -0.010077742528222052, 0.9990621752782038, 2.2292234013241763], [0.0, 0.0, 0.0, 1.0]], [[0.997777648834514, 0.05087518544742362, -0.043028815832641204, 118.03587657928719], [-0.05037459172707736, 0.9986504051526859, 0.01263996822411348, -2.1933061187784957], [0.043613805091958766, -0.010444318745930015, 0.9989938699568351, 2.3074345534156877], [0.0, 0.0, 0.0, 1.0]], [[0.9977667172477683, 0.05101516956157159, -0.043116475125130546, 118.17525232095669], [-0.05051192271194579, 0.9986429295846341, 0.012682462480214405, -2.2003368072346237], [0.04370496100620978, -0.01047624289636939, 0.9989895518563855, 2.3135229061377953], [0.0, 0.0, 0.0, 1.0]], [[0.9976461530692594, 0.05271632310827424, -0.043853649153197984, 119.85799493214105], [-0.05218794557549423, 0.9985512459028468, 0.0131083043328142, -2.286789404275473], [0.04448113760592239, -0.010788817535599274, 0.998951965718806, 2.3879812408358987], [0.0, 0.0, 0.0, 1.0]], [[0.9976234029256859, 0.05308372845084561, -0.043927937679017044, 120.22033362895333], [-0.05254893538128798, 0.9985305548021032, 0.013241620629561636, -2.305775421813769], [0.044566302575689866, -0.01090178427418633, 0.9989469434231085, 2.4041427603994387], [0.0, 0.0, 0.0, 1.0]], [[0.9975420915404861, 0.0544898503427837, -0.04405260281360754, 121.67962650349325], [-0.05394237016679998, 0.9984524717449301, 0.01352340072716246, -2.383545336948819], [0.044721318247792685, -0.01111385963833114, 0.9989376786457297, 2.4695007177599377], [0.0, 0.0, 0.0, 1.0]], [[0.9975056042737953, 0.055051457435068056, -0.044180385655236264, 122.26459829407254], [-0.054495402651337725, 0.9984201126648993, 0.013694148972405338, -2.4152937952640863], [0.04486446848274354, -0.011252362440161076, 0.9989297091423781, 2.49575628217171], [0.0, 0.0, 0.0, 1.0]], [[0.9974268030306334, 0.0561534901698577, -0.044570821597024385, 123.49984381950074], [-0.055584601390474386, 0.9983571796979711, 0.01390301527637265, -2.4833584350197064], [0.045278302578079854, -0.011389788727481882, 0.9989094793966024, 2.5515343462753113], [0.0, 0.0, 0.0, 1.0]], [[0.997366764589896, 0.056856846190177696, -0.045020394631648086, 124.30683741123751], [-0.056283519601245696, 0.9983180264032643, 0.013902646495811556, -2.528554383349608], [0.045735132150011806, -0.011332131291058445, 0.9988893234426041, 2.5882934628528425], [0.0, 0.0, 0.0, 1.0]], [[0.997293726732726, 0.05769206500623068, -0.04557245061292858, 125.31848296160814], [-0.05711240302136704, 0.9982706815748292, 0.013921915430387977, -2.586000084097388], [0.046296825384424645, -0.011281486756752543, 0.9988640207835505, 2.6348999363811463], [0.0, 0.0, 0.0, 1.0]], [[0.9972216514627896, 0.05850041541985109, -0.04611593270802875, 126.34729299757298], [-0.05792111528769516, 0.9982257686664264, 0.013800694698154014, -2.6452644027315526], [0.04684145874816575, -0.011091265303245584, 0.9988407588681576, 2.6828969685249655], [0.0, 0.0, 0.0, 1.0]], [[0.9971720761883716, 0.059088390226961725, -0.04643718995114652, 127.13567572334205], [-0.058514149117218944, 0.9981935171728845, 0.01363072364601652, -2.6912313178524916], [0.04715871948283198, -0.010874944340662215, 0.998828208833895, 2.720042793341704], [0.0, 0.0, 0.0, 1.0]], [[0.9970994499042298, 0.05992686317818697, -0.04691969810543535, 128.38577857290036], [-0.05937395234438377, 0.9981499586548882, 0.013091746264418004, -2.765060955001515], [0.047617442011191446, -0.010267965079211955, 0.9988128694152087, 2.7794446197590505], [0.0, 0.0, 0.0, 1.0]], [[0.9970712237971181, 0.06027801179979136, -0.04706948023062731, 128.95148655360575], [-0.0597322650478457, 0.9981308503412095, 0.012917511733606163, -2.7988180432261265], [0.047760142252417044, -0.010068112563840168, 0.9988080906367502, 2.806496668274825], [0.0, 0.0, 0.0, 1.0]], [[0.9970141596307276, 0.061077108092239735, -0.04724777627489867, 130.4227069724419], [-0.06056375405507407, 0.9980894925761348, 0.01222278625642664, -2.8875178381019677], [0.04790404148493647, -0.009324788265835087, 0.9988084156299479, 2.8771170584853114], [0.0, 0.0, 0.0, 1.0]], [[0.9970036740856175, 0.06128201304018182, -0.04720369410885999, 130.76674083001913], [-0.06078166871992321, 0.9980793759277954, 0.01196445131228386, -2.9084345426238807], [0.04784623921899552, -0.009059482619084179, 0.9988136278441906, 2.893641411205181], [0.0, 0.0, 0.0, 1.0]], [[0.9969556771504134, 0.06205993293013612, -0.0472010860284758, 132.45780158406143], [-0.06158524835647691, 0.9980361870400787, 0.01144668263612185, -3.0121633724648222], [0.047818772280680995, -0.008504944632861621, 0.9988198190536471, 2.9747757466090072], [0.0, 0.0, 0.0, 1.0]], [[0.996952679445775, 0.06211641068061148, -0.04719010987534641, 132.58074536923587], [-0.06164428414269023, 0.9980331170256559, 0.01139647105856082, -3.019757175935474], [0.04780520032825843, -0.00845274181617781, 0.9988209118642661, 2.9806729083026138], [0.0, 0.0, 0.0, 1.0]], [[0.9968971214587511, 0.0628942356412262, -0.047333332339504375, 134.39317255732152], [-0.062446816160599224, 0.9979890526007047, 0.01087409952833703, -3.132517762975003], [0.04792206567605764, -0.007884542615381572, 0.9988199585556378, 3.067635426601464], [0.0, 0.0, 0.0, 1.0]], [[0.9968949820711223, 0.06293210836982582, -0.04732805148688588, 134.49125438007613], [-0.06248378683557912, 0.9979865145744683, 0.010894636762673212, -3.138659036136729], [0.04791837960639666, -0.00790357283974661, 0.99881998499843, 3.0723505996226215], [0.0, 0.0, 0.0, 1.0]], [[0.9968563957686881, 0.06361910217307654, -0.04722219873906983, 136.20440369847165], [-0.06317060225869667, 0.997942872490673, 0.01093152575525498, -3.246569369006983], [0.047820510508923976, -0.007914106630309158, 0.9988245920535347, 3.154578559423374], [0.0, 0.0, 0.0, 1.0]], [[0.9968485012387936, 0.06373245516578652, -0.047236000428822686, 136.52288877948058], [-0.06328167724981901, 0.9979353097350231, 0.010979385616379372, -3.2667582849612065], [0.04783821592012463, -0.007955610762501477, 0.9988234145007691, 3.1698572210556515], [0.0, 0.0, 0.0, 1.0]], [[0.9968292216024444, 0.06435822612631124, -0.0467923251114901, 138.01466605284176], [-0.06390801087057364, 0.9978945456940996, 0.011056302299283855, -3.3618548487050393], [0.04740537001259918, -0.008030840792911918, 0.9988434494404653, 3.2411602700418762], [0.0, 0.0, 0.0, 1.0]], [[0.9968244160610643, 0.0646146102464746, -0.046540688512464665, 138.55285973003873], [-0.06416739663997388, 0.9978780649958873, 0.011041404281700903, -3.3964066396139723], [0.047155368230630414, -0.008019946555923843, 0.998855370764093, 3.2667028713896245], [0.0, 0.0, 0.0, 1.0]], [[0.9968131329857114, 0.06522280010383603, -0.045929992965659555, 139.8244709862227], [-0.06478001909992044, 0.9978382175621253, 0.011065292488431865, -3.47857865813188], [0.046552411673558156, -0.00805468305122239, 0.9988833740974569, 3.326556169954503], [0.0, 0.0, 0.0, 1.0]], [[0.996805035603195, 0.06560556533730953, -0.04555909122101883, 140.58243564787415], [-0.06516360553378127, 0.9978126244281482, 0.011120748430250696, -3.527940866618851], [0.046189019365546806, -0.008116423386146192, 0.9988997437988789, 3.3618527278487047], [0.0, 0.0, 0.0, 1.0]], [[0.9967919775178603, 0.06614238603673364, -0.045065933091428444, 141.6334498708258], [-0.06570645772041975, 0.9977773848948087, 0.011088354535793566, -3.5968852254765005], [0.04569917909402852, -0.008091660017849596, 0.998922474503546, 3.4103418772237895], [0.0, 0.0, 0.0, 1.0]], [[0.9967683898458807, 0.06670360522363226, -0.044759424194468114, 142.6119597825932], [-0.06626665099984831, 0.9977393395542469, 0.011177713143552663, -3.66161917525164], [0.04540383209944754, -0.00817553399020914, 0.9989352595011651, 3.4550544456445307], [0.0, 0.0, 0.0, 1.0]], [[0.9967418949687727, 0.06714549387552572, -0.044688672684156015, 143.44164236008777], [-0.06670222869029417, 0.9977084946553613, 0.011338976156634808, -3.716921060805827], [0.04534762950593551, -0.008321198516125634, 0.9989366096772345, 3.492800521489171], [0.0, 0.0, 0.0, 1.0]], [[0.9966838323064776, 0.06778006462056525, -0.04502445178905746, 144.6402757942116], [-0.06734256525052269, 0.9976674356403236, 0.011165427369333115, -3.797455059524119], [0.04567622274610996, -0.008096338857332946, 0.9989234865457689, 3.547439318448027], [0.0, 0.0, 0.0, 1.0]], [[0.9966512550940039, 0.06810815398713303, -0.04524991801110458, 145.2488928711765], [-0.06766186697291744, 0.9976440442576407, 0.01132398847569457, -3.838645757501961], [0.045914567157776164, -0.008224373393968254, 0.9989115137012841, 3.5753786106152763], [0.0, 0.0, 0.0, 1.0]], [[0.9965683746029407, 0.06881090964090958, -0.046005798065498454, 146.66696499115125], [-0.06834536835956703, 0.9975940652544455, 0.011618588249188436, -3.935309268932159], [0.04669459674360554, -0.008434434391212199, 0.9988736030907276, 3.641217516029162], [0.0, 0.0, 0.0, 1.0]], [[0.9965451539458665, 0.06899669657564671, -0.046229990359693544, 147.05527506406418], [-0.06852817270390084, 0.9975812061168964, 0.01164588975659383, -3.961960320422137], [0.0469216974636847, -0.008437598236852637, 0.9988629341622002, 3.6594377405184635], [0.0, 0.0, 0.0, 1.0]], [[0.996454448343928, 0.06982686629942299, -0.04693336892234072, 148.69385038060668], [-0.06935734532623246, 0.9975248866549764, 0.011561105192590532, -4.075215164884891], [0.04762447926115071, -0.008264940821258669, 0.9988311167201016, 3.737159451467361], [0.0, 0.0, 0.0, 1.0]], [[0.9964447618624338, 0.06991930620961632, -0.04700135291758648, 148.8614884205515], [-0.06945184767295855, 0.9975189231606195, 0.011508205389647077, -4.086882952788401], [0.047689384686005, -0.008202960175695677, 0.9988285308463241, 3.7451713541788014], [0.0, 0.0, 0.0, 1.0]], [[0.9963776869080742, 0.07069745806915304, -0.04725859132767336, 150.66679997883688], [-0.07024243967823185, 0.9974668168522872, 0.011222697831430452, -4.213402914893921], [0.04793229286989778, -0.007862486955536627, 0.9988196416766685, 3.831915643459918], [0.0, 0.0, 0.0, 1.0]], [[0.9963767324751595, 0.07071382314963273, -0.047254229415862416, 150.72011498083484], [-0.0702598044610182, 0.9974658158174872, 0.011202952854232335, -4.217159850541117], [0.04792668212200777, -0.00784228864025869, 0.9988200697070814, 3.8344809725238846], [0.0, 0.0, 0.0, 1.0]], [[0.9963521897682078, 0.07116586201318094, -0.04709282352989809, 152.47129575156634], [-0.0707521061049123, 0.9974397392921027, 0.010397401724535155, -4.341116841098033], [0.047712193680614426, -0.007027557528973081, 0.998836403025721, 3.9185269025559686], [0.0, 0.0, 0.0, 1.0]], [[0.9963525646835719, 0.07118687314379728, -0.047053118286438385, 152.74472453337071], [-0.07077786818322716, 0.9974388788123983, 0.01030419375319383, -4.360534132623635], [0.04766613288180998, -0.00693629046930378, 0.9988392401435874, 3.931618988344945], [0.0, 0.0, 0.0, 1.0]], [[0.9963473129809985, 0.07132737675210751, -0.04695143492170428, 154.27495520362243], [-0.07094036346598984, 0.9974318219733845, 0.009860291383517468, -4.469390263245807], [0.047534163996618, -0.006493522966581852, 0.9988485057367934, 4.004697708470079], [0.0, 0.0, 0.0, 1.0]], [[0.996343382274719, 0.07131570464990873, -0.04705246930459894, 154.76862067607811], [-0.07093059337127032, 0.997433048507085, 0.009806358644391755, -4.504538663990596], [0.047631035275046696, -0.006433040972193522, 0.9988442823896412, 4.028271276360868], [0.0, 0.0, 0.0, 1.0]], [[0.9963444539749312, 0.07129509003998023, -0.04706101539052488, 156.07779553546663], [-0.07094307413320088, 0.9974387598546453, 0.009110464980370377, -4.59776012444732], [0.047590012249707096, -0.005738508152691142, 0.9988504694188486, 4.090855311049725], [0.0, 0.0, 0.0, 1.0]], [[0.9963546117736771, 0.07119885259807264, -0.04699160548484294, 156.79143069579172], [-0.07085697191669986, 0.997446748397617, 0.008903574665094076, -4.648556225933213], [0.04750554839301619, -0.005541434808677599, 0.9988556028636671, 4.124914589215592], [0.0, 0.0, 0.0, 1.0]], [[0.9963742512024422, 0.07102819866920028, -0.046833177711760474, 157.88076489365483], [-0.0707144316378527, 0.9974618617241316, 0.008324876213179611, -4.725968950882155], [0.047305609592395936, -0.004982910759578164, 0.9988680342775286, 4.17677068320205], [0.0, 0.0, 0.0, 1.0]], [[0.9964024776541474, 0.07078285352557061, -0.04660354247752084, 158.81408071535614], [-0.07048734705012476, 0.9974809447252286, 0.00795605529773695, -4.792125830549212], [0.04704929787480086, -0.004642473138640261, 0.9988817802986724, 4.220971466670013], [0.0, 0.0, 0.0, 1.0]], [[0.9964375879711876, 0.07046385769591657, -0.04633549435121268, 159.68293399388313], [-0.07018565691441053, 0.9975049497773968, 0.00760583546270355, -4.853489911318168], [0.04675582147341976, -0.004326653233468228, 0.9988969782866214, 4.261912690521454], [0.0, 0.0, 0.0, 1.0]], [[0.9964887952627832, 0.07000616831410268, -0.04592621597415099, 160.8354938597701], [-0.06975266828131106, 0.9975390405893568, 0.0071012511364397166, -4.934467919695983], [0.046310324803052486, -0.0038728410815484803, 0.9989195938205401, 4.315783874185672], [0.0, 0.0, 0.0, 1.0]], [[0.9965159980787387, 0.06969967211460469, -0.045801978999295716, 161.48436882656245], [-0.06945292230035689, 0.9975609593720454, 0.006958729816930328, -4.979818545227919], [0.04617528729824987, -0.0037534043002379405, 0.9989263009847539, 4.345901924892334], [0.0, 0.0, 0.0, 1.0]], [[0.9965553796176567, 0.06905516685166099, -0.04592122914510541, 162.8559409345898], [-0.06883137762819583, 0.997607530094712, 0.006438738396058093, -5.075033534709414], [0.046255992140615904, -0.0032557379221047926, 0.9989243131297135, 4.409430461533893], [0.0, 0.0, 0.0, 1.0]], [[0.9965606534510267, 0.06884279823247161, -0.04612518969918445, 163.28509773451404], [-0.06862062369547905, 0.9976223951709325, 0.006384877215348439, -5.1046491870803425], [0.046455075039289355, -0.0031977781247018904, 0.9989152617805772, 4.429367761325172], [0.0, 0.0, 0.0, 1.0]], [[0.9965686847897998, 0.06803407559886973, -0.04714043968543387, 164.87560292312494], [-0.0678228145545271, 0.9976789260522304, 0.006068470743972373, -5.2135985608627395], [0.047443886036358546, -0.0028504506092018743, 0.9988698376711019, 4.504234660546352], [0.0, 0.0, 0.0, 1.0]], [[0.9965698909844245, 0.0679327047632257, -0.047260977633188615, 165.08508221836095], [-0.06772226649291278, 0.9976859194434916, 0.006041586319648179, -5.227853931891067], [0.04756203322352028, -0.0028202424979543858, 0.9988643047120552, 4.514208633486192], [0.0, 0.0, 0.0, 1.0]], [[0.9966168207765882, 0.06700054725888917, -0.047600832053391655, 166.88529512632903], [-0.06680837153791024, 0.9977500052340533, 0.005618589493728061, -5.349432807720198], [0.047870179001319645, -0.002419446725151345, 0.9988506356007018, 4.600549783189931], [0.0, 0.0, 0.0, 1.0]], [[0.9966170785651861, 0.06699533451463525, -0.04760277161537695, 166.8953664113365], [-0.06680317155286437, 0.9977503561545101, 0.005618101461067843, -5.35010854990043], [0.047872068919905565, -0.002419079746598388, 0.9988505459129046, 4.601033313804777], [0.0, 0.0, 0.0, 1.0]], [[0.9966893688686741, 0.0661540000045868, -0.047264683089566384, 168.6848847886068], [-0.06596761180733576, 0.9978066384035668, 0.005494228809426489, -5.469404940251096], [0.04752447976149414, -0.002358101178238112, 0.9988672900752295, 4.686756446185808], [0.0, 0.0, 0.0, 1.0]], [[0.9966981487610337, 0.06606191069182599, -0.04720830660035915, 168.91473519255115], [-0.06587989432815053, 0.9978129326525675, 0.0054028654059115775, -5.484616361308778], [0.04746198246639121, -0.0022749476978345087, 0.9988704544801253, 4.697715536774024], [0.0, 0.0, 0.0, 1.0]], [[0.9967507532449902, 0.06533172303506411, -0.04711371213154882, 170.48377660285763], [-0.06514099705729508, 0.9978605022322025, 0.005573920279141313, -5.587821581380348], [0.047377066265507105, -0.002486775053442159, 0.998873980811347, 4.772310512591532], [0.0, 0.0, 0.0, 1.0]], [[0.9967667425368177, 0.06511963319395835, -0.047069038074149146, 170.93337141635126], [-0.06492795051509574, 0.9978742889313843, 0.00559148742227245, -5.61717705885577], [0.047333098508872844, -0.002517312528962585, 0.9988759887609577, 4.793675285543732], [0.0, 0.0, 0.0, 1.0]], [[0.996792831219677, 0.0645195423646975, -0.04734216178112866, 172.28186751941917], [-0.0643164314962452, 0.9979126842737169, 0.0058026894810686725, -5.704658630170259], [0.04761773061212967, -0.0027392003714429617, 0.9988618765938941, 4.857845166170182], [0.0, 0.0, 0.0, 1.0]], [[0.9967941523558307, 0.06423644045599351, -0.04769798262782721, 172.95047286878597], [-0.06402208911126679, 0.9979303860028975, 0.006009725279657078, -5.747729803555328], [0.04798530957543068, -0.002936734521800776, 0.9988437243409494, 4.8898943695013175], [0.0, 0.0, 0.0, 1.0]], [[0.996801329728818, 0.06380017051889415, -0.048131562333050604, 174.07910264375545], [-0.06358097624832844, 0.9979582047293063, 0.006072978904080461, -5.820008617470022], [0.048420744626345866, -0.0029933017255098326, 0.9988225426143577, 4.944433091338309], [0.0, 0.0, 0.0, 1.0]], [[0.9968101413255932, 0.06353949016863691, -0.04829363663631607, 174.96670235349816], [-0.06330611027011518, 0.9979739651092092, 0.006348335740252599, -5.87653234352267], [0.0485991620598427, -0.003270803160180009, 0.998813007170896, 4.987604304348346], [0.0, 0.0, 0.0, 1.0]], [[0.9968197589070341, 0.06330284056817184, -0.048405770611808695, 175.8756207627836], [-0.06305884278429155, 0.9979882980629167, 0.006552806741321156, -5.934145732123843], [0.0487232039097228, -0.0034795553571856175, 0.9988062585383053, 5.031971774891069], [0.0, 0.0, 0.0, 1.0]], [[0.9968324386256165, 0.06302739932667287, -0.048503981669781995, 176.9819811522754], [-0.06276649163939779, 0.9980044907351939, 0.006885056257404716, -6.003983498533597], [0.04884113871510201, -0.0038188226591894274, 0.9987992589917705, 5.086084491000869], [0.0, 0.0, 0.0, 1.0]], [[0.9968449630619044, 0.06283596533228197, -0.048494959314044364, 177.6714314170172], [-0.06255787290287035, 0.9980151313079528, 0.00723258033056387, -6.047343816050356], [0.048853169354494075, -0.00417601977126534, 0.9987972410368838, 5.119880502657953], [0.0, 0.0, 0.0, 1.0]], [[0.9968672339245005, 0.06252427766530652, -0.04843998998912931, 178.99587213435336], [-0.06222505065614101, 0.9980327310834148, 0.0076622945010457804, -6.13027817776659], [0.048823774931440744, -0.0046241094939158825, 0.9987967043462009, 5.184786920287687], [0.0, 0.0, 0.0, 1.0]], [[0.9968752184224804, 0.06242504827926769, -0.04840363873163908, 179.4653983297454], [-0.06211603264515109, 0.9980379551827798, 0.00786374611760158, -6.159574086537896], [0.04879956335417826, -0.004832531625004415, 0.9987969009035494, 5.207781510783003], [0.0, 0.0, 0.0, 1.0]], [[0.9969134022507644, 0.062026283302809286, -0.04812908260548163, 181.00864819095466], [-0.061665419949495544, 0.9980567648815096, 0.00894818734199239, -6.255404833700332], [0.04859057928506297, -0.005952667796431874, 0.9988010419251911, 5.2831542940959055], [0.0, 0.0, 0.0, 1.0]], [[0.9969213711895438, 0.0619533355483302, -0.04805792213564625, 181.25852999122552], [-0.06158076428738278, 0.9980597374593896, 0.00919619118310495, -6.2708591269368394], [0.04853441186768037, -0.006208435948805552, 0.9988022157503096, 5.2953316722916135], [0.0, 0.0, 0.0, 1.0]], [[0.9969469805938337, 0.06147166063467048, -0.04814512253234046, 183.01988116196787], [-0.06104375464811718, 0.9980818454285061, 0.010309696624453007, -6.379221655985925], [0.048686526917604694, -0.007339261873219136, 0.9987871431550657, 5.381221593741134], [0.0, 0.0, 0.0, 1.0]], [[0.9969477649526022, 0.0614638233410995, -0.04813888632182144, 183.05104632184808], [-0.06103473429789465, 0.9980821382097497, 0.0103347276616035, -6.381130899970221], [0.04868177446639079, -0.007365039507580515, 0.9987871850538809, 5.382744081208005], [0.0, 0.0, 0.0, 1.0]], [[0.996987679304634, 0.06090317083963647, -0.048024692569952204, 184.84268475801238], [-0.0604085034485231, 0.998105323151376, 0.011686599505291863, -6.490285781511352], [0.048645452262982836, -0.008750295913017398, 0.9987777792359842, 5.470264780649824], [0.0, 0.0, 0.0, 1.0]], [[0.9969917712882355, 0.06084667745909307, -0.04801135100927466, 185.02989584547862], [-0.06035054915631191, 0.9981084643373989, 0.01171770602853034, -6.501628973613926], [0.04863351930590941, -0.00878494508967312, 0.9987780561965172, 5.479399254290202], [0.0, 0.0, 0.0, 1.0]], [[0.9970247582874017, 0.06034307801053868, -0.047961904655281565, 186.63366004180577], [-0.0597916727631125, 0.9981281549862563, 0.012850762308939535, -6.598330296943026], [0.04864758195570615, -0.009944805676635094, 0.9987664960389474, 5.557619778557714], [0.0, 0.0, 0.0, 1.0]], [[0.9970343909086069, 0.06021421584503625, -0.04792360123854018, 187.0391568835958], [-0.05964782981505162, 0.9981326867149206, 0.013163438365742469, -6.622633059226109], [0.04862673898029626, -0.010265861942450188, 0.9987642626439538, 5.577400907343124], [0.0, 0.0, 0.0, 1.0]], [[0.9970549803479839, 0.0596964718502477, -0.0481424699398987, 188.4241103089324], [-0.059081290209491606, 0.9981535493528014, 0.014102945138746728, -6.705153994089063], [0.04889547331260121, -0.011217092450240935, 0.998740912112095, 5.645114523781593], [0.0, 0.0, 0.0, 1.0]], [[0.9970672170398506, 0.05943932096927735, -0.048207176095668706, 189.0487296360873], [-0.058802185470966405, 0.9981639045119137, 0.014530062400731904, -6.742099955422166], [0.0489823201598868, -0.011652761571504081, 0.9987316683972287, 5.675768062679632], [0.0, 0.0, 0.0, 1.0]], [[0.9970833456893012, 0.05896755135132083, -0.048452343974866204, 190.21658916755447], [-0.05827191346481421, 0.9981781082221306, 0.015647631361893503, -6.8107186547574505], [0.04928677155361889, -0.012778581835158793, 0.9987029197895155, 5.733300430136377], [0.0, 0.0, 0.0, 1.0]], [[0.9970869873845845, 0.05853513271308239, -0.04889967102747551, 191.05980006575248], [-0.05778926777971491, 0.9981919255201743, 0.016531193417630097, -6.859842515853063], [0.04977891238082547, -0.013657161659309915, 0.9986668823074056, 5.775124620568995], [0.0, 0.0, 0.0, 1.0]], [[0.9971031195957775, 0.058049676375629196, -0.049148794136311395, 192.00850967152599], [-0.057266161683699, 0.9982107092659978, 0.017203680789012552, -6.9146318542820815], [0.05005952075664772, -0.014339280991685518, 0.9986432943760531, 5.822557953798815], [0.0, 0.0, 0.0, 1.0]], [[0.9971244910087661, 0.05743712717297883, -0.049434055595552764, 193.06978905811317], [-0.05659168466223327, 0.9982290072640064, 0.01833658320970827, -6.9752914066496565], [0.05039970890391626, -0.015486299713981418, 0.9986090545671861, 5.875946621211568], [0.0, 0.0, 0.0, 1.0]], [[0.9971474588759942, 0.05696979766682766, -0.049511487666481446, 193.79988459124013], [-0.056094936006947156, 0.9982468310961874, 0.018884447590448782, -7.016579028148401], [0.05050052882420075, -0.016053235194832868, 0.9985950081130265, 5.912890865662293], [0.0, 0.0, 0.0, 1.0]], [[0.9971768111263412, 0.056100625591791034, -0.049911192733805954, 195.0792006535185], [-0.055163935432144554, 0.9982779493771785, 0.01995184239446626, -7.088039365850257], [0.05094455397331131, -0.01714221676170021, 0.9985543534655263, 5.977954370620342], [0.0, 0.0, 0.0, 1.0]], [[0.9971920270784383, 0.05571765405653827, -0.05003602859571337, 195.590537919246], [-0.05475774451847044, 0.9982921620644698, 0.020355553932436602, -7.116260299443929], [0.05108473888007104, -0.01755853601762798, 0.9985399577715819, 6.00410416478108], [0.0, 0.0, 0.0, 1.0]], [[0.9972562003297901, 0.05466403290739729, -0.04991907861818574, 197.08718708760972], [-0.053629678450355135, 0.9983222223969922, 0.021831121309770773, -7.197723797133895], [0.05102870263980005, -0.019094076951489413, 0.9985146407200395, 6.080800539110312], [0.0, 0.0, 0.0, 1.0]], [[0.9972695523358903, 0.05444439992780622, -0.049892357132871955, 197.37976943864567], [-0.053392295191708454, 0.9983271667812035, 0.02218402309718726, -7.213447365680887], [0.051016691366006985, -0.019459583323292548, 0.9985081981731294, 6.095768939301567], [0.0, 0.0, 0.0, 1.0]], [[0.9973461983849861, 0.05328466685689296, -0.049611539433541726, 199.09305566799782], [-0.05216265183209571, 0.9983586760169465, 0.023643429859755507, -7.304218983438603], [0.05078994310746464, -0.020992815429083097, 0.998488699675415, 6.183258037868298], [0.0, 0.0, 0.0, 1.0]], [[0.9973496506081063, 0.05323282342981138, -0.04959779170062685, 199.1680034998731], [-0.052108356537654485, 0.9983602579002904, 0.023696299799975163, -7.308143561970461], [0.050777885056714656, -0.021049036912793584, 0.9984881293406602, 6.187075817645832], [0.0, 0.0, 0.0, 1.0]], [[0.9974181114932089, 0.05205444128041639, -0.049471668743882445, 200.9556725110213], [-0.05086552998204896, 0.9983926683591501, 0.024995552131158918, -7.400520360927868], [0.05069328086606776, -0.02241461375263663, 0.9984627065470969, 6.278034558769776], [0.0, 0.0, 0.0, 1.0]], [[0.997423239796581, 0.05195980333932384, -0.049467762741313204, 201.09798294955178], [-0.05076358677199171, 0.9983942463893348, 0.02513935231295256, -7.407778873909997], [0.050694565504938796, -0.02256341316403786, 0.9984592898133876, 6.285267326016985], [0.0, 0.0, 0.0, 1.0]], [[0.9974918480249423, 0.05086685187743598, -0.04921967598292788, 202.74279719448472], [-0.04960853063225582, 0.9984182155267441, 0.02645865818405097, -7.490642046008708], [0.05048768971040324, -0.023950580044560483, 0.9984374606870653, 6.368768484215623], [0.0, 0.0, 0.0, 1.0]], [[0.9975064880734058, 0.05062818543004772, -0.049169025732883995, 203.1033144481481], [-0.049360529259716825, 0.9984250670136452, 0.02666315266428262, -7.50855050922264], [0.05044149484958732, -0.024169658641753838, 0.9984345162295223, 6.387011893611145], [0.0, 0.0, 0.0, 1.0]], [[0.9975643009336118, 0.049678446411886845, -0.048964451032719944, 204.52944129699188], [-0.04835463359671646, 0.9984415983232472, 0.027860440546532295, -7.578492035225667], [0.05027220815283173, -0.0254249228085524, 0.998411878128269, 6.458980570520743], [0.0, 0.0, 0.0, 1.0]], [[0.997583286821318, 0.04933011749107283, -0.04892980035819573, 205.10765123035765], [-0.047994324021610885, 0.9984519872631864, 0.028110033651748283, -7.6064453395884755], [0.05024072766675025, -0.025693747070264932, 0.998406580830177, 6.488101627837887], [0.0, 0.0, 0.0, 1.0]], [[0.9976117956659017, 0.048663323339908846, -0.049016182121526274, 206.31563979853135], [-0.04729275719175369, 0.9984674092037462, 0.028744179848461365, -7.664198465778366], [0.05033984769004549, -0.026357422474027045, 0.9983842877444881, 6.549000990075651], [0.0, 0.0, 0.0, 1.0]], [[0.9976429898051158, 0.048184114645345014, -0.04885443673356519, 207.11296233805112], [-0.04679356426109501, 0.9984771535404472, 0.02921876454453692, -7.701839047026596], [0.05018791922816134, -0.02686382239389184, 0.9983784391752143, 6.5892268301613335], [0.0, 0.0, 0.0, 1.0]], [[0.9976888107792856, 0.04762120791754661, -0.04846913865841347, 208.10509983086294], [-0.04620551249943226, 0.9984837222506163, 0.0299216813568176, -7.748134276936011], [0.04982055259106952, -0.027612985297282035, 0.9983763997523643, 6.639021221566435], [0.0, 0.0, 0.0, 1.0]], [[0.9977343585577882, 0.04701126006623954, -0.04812578498334604, 209.12211217540906], [-0.04557610994592298, 0.9984952578230251, 0.030496529427589132, -7.794973535195099], [0.049487048360919696, -0.02823404915903953, 0.9983756159445246, 6.6896360672467665], [0.0, 0.0, 0.0, 1.0]], [[0.9977616915501286, 0.046576266236975916, -0.04798185384547411, 209.8952122284792], [-0.045118334398945345, 0.9984995105731105, 0.031033260968255223, -7.830149708360858], [0.04935527100615543, -0.02879893763112149, 0.9983660042365363, 6.727914644662076], [0.0, 0.0, 0.0, 1.0]], [[0.9977957808694357, 0.04584731161869041, -0.047975032011368435, 211.13110573402506], [-0.044316463443296365, 0.9984887214468212, 0.03250114169334996, -7.885615475547793], [0.049392618345579814, -0.03030341830274151, 0.9983196242146786, 6.789000858750268], [0.0, 0.0, 0.0, 1.0]], [[0.9978101257332862, 0.045535422264128, -0.04797372513523534, 211.68556461484548], [-0.04399070545388084, 0.9984940794952161, 0.03277790485481219, -7.910176545365999], [0.0493940362573606, -0.030595727352504265, 0.9983106383536027, 6.816453414512645], [0.0, 0.0, 0.0, 1.0]], [[0.9978407410223071, 0.04479380934600025, -0.048035093424777964, 213.1394897834188], [-0.043186337942488655, 0.9984884545312636, 0.03399627013197084, -7.973763268758116], [0.04948530863973803, -0.031848403602738835, 0.9982669399598421, 6.888375495915379], [0.0, 0.0, 0.0, 1.0]], [[0.9978453011704917, 0.04461006032999568, -0.04811130271905756, 213.47551050751605], [-0.042976497610402814, 0.998481254964869, 0.034470337058455224, -7.988291460375393], [0.04957595773269227, -0.03232840857720367, 0.9982470127246821, 6.905045811149853], [0.0, 0.0, 0.0, 1.0]], [[0.9978781815526387, 0.04375722692593095, -0.048212445208176885, 215.14856356589127], [-0.04206384008869936, 0.9984806356893334, 0.0355956951107426, -8.05964427414591], [0.04969676184814463, -0.03349216692268805, 0.9982026380533321, 6.9882242993682935], [0.0, 0.0, 0.0, 1.0]], [[0.9978795503587856, 0.043702066965350325, -0.04823414059257071, 215.2655952747353], [-0.042007805275452344, 0.9984829137630068, 0.03559796650478089, -8.06458101828978], [0.04971666995774676, -0.033496272423836355, 0.9982015089459746, 6.994051587043829], [0.0, 0.0, 0.0, 1.0]], [[0.9979129439099275, 0.04263337757195657, -0.04849898446183104, 217.05520924296945], [-0.040872112022882996, 0.9984884717197168, 0.03674564330112103, -8.139030746450498], [0.04999226776023309, -0.03468669715656577, 0.9981470864579818, 7.083470978608924], [0.0, 0.0, 0.0, 1.0]], [[0.997916320773091, 0.04257048654620225, -0.04848474409458002, 217.15710468427284], [-0.04080672255279718, 0.9984889708142412, 0.0368047083511942, -8.143204950412075], [0.04997827657289047, -0.03474951564463947, 0.9981456021208863, 7.088575482181317], [0.0, 0.0, 0.0, 1.0]], [[0.9979895630168368, 0.04140713375407382, -0.04798209440755368, 218.84524565097306], [-0.03963437473788816, 0.9985168065504607, 0.03732697918940913, -8.211345253858186], [0.049456530899364616, -0.03535019533951927, 0.9981504972902924, 7.172843726761226], [0.0, 0.0, 0.0, 1.0]], [[0.9980043269645221, 0.04120378723977883, -0.04784988272911797, 219.16589368224888], [-0.03942424804727236, 0.9985165049767797, 0.03755686295291125, -8.224063350373243], [0.049326382656732934, -0.03559546608847335, 0.998148220840946, 7.188727088525681], [0.0, 0.0, 0.0, 1.0]], [[0.9980880528988171, 0.0402701307521761, -0.046888753767304024, 220.63576879692246], [-0.03846224656475267, 0.9985048921077793, 0.038841164066286495, -8.28150728044676], [0.04838278877700621, -0.036963455006731365, 0.9981446832719818, 7.260788255109914], [0.0, 0.0, 0.0, 1.0]], [[0.9981105549248291, 0.03997881723321137, -0.04665848604791057, 221.17493968369376], [-0.0381580269789758, 0.9984992749524372, 0.039283112103408846, -8.30223044153454], [0.04815895684835106, -0.03742849305129334, 0.9981381782013891, 7.286875641403932], [0.0, 0.0, 0.0, 1.0]], [[0.9981667590546063, 0.03925203634190806, -0.04606949925316145, 222.42675883079852], [-0.03738408864575689, 0.9984705463041955, 0.04073080012874348, -8.349671811782425], [0.04759780493415328, -0.038933864514263, 0.9981075108220734, 7.346904627173779], [0.0, 0.0, 0.0, 1.0]], [[0.9981940123557053, 0.03888764215023202, -0.04578717053076824, 223.18494502612475], [-0.03697897879474603, 0.9984406176208779, 0.04181971080887266, -8.37795282909506], [0.04734204077261432, -0.04005102211973516, 0.9980754714963436, 7.382959686576122], [0.0, 0.0, 0.0, 1.0]], [[0.9982177810130978, 0.03834766350983358, -0.04572437394457956, 224.21810001983752], [-0.03637983905112062, 0.9984073631064442, 0.04311895877049218, -8.415974463939701], [0.0473050629415259, -0.0413786659786589, 0.9980230643737272, 7.431906321519199], [0.0, 0.0, 0.0, 1.0]], [[0.9982256002920341, 0.037854472473221, -0.045964005867441975, 225.19618068919198], [-0.035825531996705455, 0.9983805229428224, 0.044191205749215506, -8.451404385182586], [0.04756240299607581, -0.042466107923738644, 0.9979651534492816, 7.478346173794601], [0.0, 0.0, 0.0, 1.0]], [[0.9982234882905063, 0.03746323429233694, -0.04632897043417608, 226.01292111040215], [-0.03537613042952258, 0.998356923518725, 0.04507751832188713, -8.480567760929535], [0.04794159802266397, -0.04335849788200848, 0.9979086350164774, 7.517383749943866], [0.0, 0.0, 0.0, 1.0]], [[0.9982529769982389, 0.03683341114759103, -0.04619841704415829, 227.2109024489513], [-0.034715515580512314, 0.9983455250469526, 0.045837163925179426, -8.52267990840565], [0.04781032202498395, -0.044153